{
 "cells": [
  {
   "cell_type": "code",
   "execution_count": 1,
   "metadata": {
    "collapsed": true
   },
   "outputs": [],
   "source": [
    "import numpy as np\n",
    "import math\n",
    "from math import pi\n",
    "from math import cos, sin, tan\n",
    "import pickle\n",
    "import tensorflow as tf\n",
    "import matplotlib.pyplot as plt"
   ]
  },
  {
   "cell_type": "markdown",
   "metadata": {},
   "source": [
    "# DH Matrix of Robot"
   ]
  },
  {
   "cell_type": "code",
   "execution_count": 2,
   "metadata": {
    "collapsed": false
   },
   "outputs": [],
   "source": [
    "dof_n = 3 #number of dof\n",
    "pose_variables_n = 16 #number of pose variables, e.g. 2 => planar, 3=> 3d pose, 6=> 3d pose + orientation\n",
    "def robot_fwd_kin(joints):\n",
    "    #robot parameters\n",
    "    #l1 = 0.25 #m\n",
    "    #l3 = 0.15 #m\n",
    "    #first row \n",
    "    dh_11 = cos(joints[0])\n",
    "    dh_12 = 0\n",
    "    dh_13 = -1*sin(joints[0])\n",
    "    dh_14 = -1*sin(joints[0])*joints[2]\n",
    "\n",
    "    #second row\n",
    "    dh_21 = sin(joints[0])\n",
    "    dh_22 = 0\n",
    "    dh_23 = cos(joints[0])\n",
    "    dh_24 = cos(joints[0])*joints[2]\n",
    "\n",
    "    #3rd row\n",
    "    dh_31 = 0\n",
    "    dh_32 = -1\n",
    "    dh_33 = 0\n",
    "    dh_34 = joints[1]+joints[2]\n",
    "\n",
    "    #4th row\n",
    "    dh_41 = 0\n",
    "    dh_42 = 0\n",
    "    dh_43 = 0\n",
    "    dh_44 = 1\n",
    "    \n",
    "    return np.array([[dh_11, dh_12, dh_13, dh_14],\n",
    "                     [dh_21, dh_22, dh_23, dh_24],\n",
    "                     [dh_31, dh_32, dh_33, dh_34],\n",
    "                     [dh_41, dh_42, dh_43, dh_44]])\n",
    "\n"
   ]
  },
  {
   "cell_type": "markdown",
   "metadata": {},
   "source": [
    "# Data Generation Segment\n",
    "This segment is used to generate the training and testing data then saving them in a pickle file, if the data is already generated and no edits are introduced, the user can skip this part\n"
   ]
  },
  {
   "cell_type": "code",
   "execution_count": 4,
   "metadata": {
    "collapsed": false
   },
   "outputs": [
    {
     "name": "stdout",
     "output_type": "stream",
     "text": [
      "jooint1: \n",
      " [ 0.05236132  1.95428626  2.17515374  2.84020128  2.44547985  0.93992791\n",
      "  0.33867582  0.80520222  0.1050259   0.50321613]\n",
      "joints: \n",
      " [[  5.23613160e-02   1.21336956e-02   1.38881954e-01]\n",
      " [  1.95428626e+00   1.14409878e-01   1.76748406e-01]\n",
      " [  2.17515374e+00   5.32344249e-03   1.43349927e-02]\n",
      " [  2.84020128e+00   8.98769314e-02   1.69329269e-01]\n",
      " [  2.44547985e+00   7.53275106e-02   4.59234812e-02]\n",
      " [  9.39927911e-01   1.62535280e-01   1.18016629e-01]\n",
      " [  3.38675818e-01   7.47182431e-02   1.46673879e-01]\n",
      " [  8.05202218e-01   1.58316039e-03   1.31993312e-01]\n",
      " [  1.05025899e-01   1.01643228e-01   7.96951639e-02]\n",
      " [  5.03216129e-01   9.36869043e-02   3.76512760e-02]]\n",
      "joimts shape:  (10, 3)\n",
      "\n",
      "p1 shape:  (4, 4)\n",
      "\n",
      "p shape:  (10, 4, 4)\n",
      "\n",
      "p:  [[[  9.98629459e-001   0.00000000e+000  -5.23373927e-002  -7.26871938e-003]\n",
      "  [  5.23373927e-002   0.00000000e+000   9.98629459e-001   1.38691611e-001]\n",
      "  [  0.00000000e+000  -1.00000000e+000   0.00000000e+000   1.51015650e-001]\n",
      "  [  0.00000000e+000   0.00000000e+000   0.00000000e+000   1.00000000e+000]]\n",
      "\n",
      " [[  6.83348381e-140   2.26728056e+161   2.52963768e-258   8.39375968e+242]\n",
      "  [  7.01204015e-077   3.28005651e+151   1.69201560e+190   6.01356106e-154]\n",
      "  [  4.90481796e+252   2.58306972e+161   7.71475221e+199   9.44801446e+250]\n",
      "  [  7.35302361e+223   2.91253412e-014   2.54992936e+161   8.56853078e+170]]\n",
      "\n",
      " [[  1.06400250e+248   2.43813711e-152   3.68065907e+180   1.85019263e-070]\n",
      "  [  2.55614266e+161   7.28559143e+199   2.02640755e+267   6.92339726e+218]\n",
      "  [  3.03837572e+180   8.42207959e+251   7.36537105e+271   1.05893930e-153]\n",
      "  [  1.41696009e+161   1.02277190e-259   2.87718100e-014   6.01124640e+175]]\n",
      "\n",
      " [[  4.24741085e+228   7.28797214e+174   5.04523963e+223   8.54517574e+194]\n",
      "  [  8.39375968e+242   9.14984980e+199   2.86530681e+161   6.39932017e+202]\n",
      "  [  2.17230030e-153   3.87204198e+228   1.67500769e+243   3.31268827e+151]\n",
      "  [  1.69201560e+190   6.93602036e-013   2.58306972e+161   4.61964705e+281]]\n",
      "\n",
      " [[  2.85678800e+151   1.71119574e+243   5.95359229e+228   4.06670849e+223]\n",
      "  [  6.96769784e+252   6.96769784e+252   1.33733641e+160   4.99490978e+228]\n",
      "  [  4.95124293e+228   4.95124294e+228   3.22123702e+097   4.73517493e-120]\n",
      "  [  1.97280536e-153   7.51446443e+199   8.82069538e+199   1.12233434e+219]]\n",
      "\n",
      " [[  4.24819624e+180   7.51446443e+199   2.16209973e+233   1.09906110e+248]\n",
      "  [  2.88014710e+214   5.05359147e+231   5.28609898e-085   2.98751669e+174]\n",
      "  [  9.44460749e-096   2.19993017e-152   5.04496164e+223   2.39371540e+203]\n",
      "  [  1.58794027e-028   3.25060610e-318   3.79442416e-321   2.84581812e-321]]\n",
      "\n",
      " [[  0.00000000e+000   6.92000231e-310               nan   0.00000000e+000]\n",
      "  [  6.92008266e-310   9.88131292e-323   1.76771273e-316   6.92000215e-310]\n",
      "  [  6.92008278e-310   6.92007454e-310   0.00000000e+000   1.76801036e-316]\n",
      "  [  0.00000000e+000   0.00000000e+000   0.00000000e+000   0.00000000e+000]]\n",
      "\n",
      " [[  0.00000000e+000   0.00000000e+000   6.36598738e-314   0.00000000e+000]\n",
      "  [  2.37663529e-312   2.58883486e-312   2.12199584e-314   1.18575755e-322]\n",
      "  [              nan   0.00000000e+000   0.00000000e+000   7.11454530e-322]\n",
      "  [  5.43472210e-323   6.92000231e-310   5.84837560e-317   0.00000000e+000]]\n",
      "\n",
      " [[  1.38338381e-322               nan   0.00000000e+000   0.00000000e+000]\n",
      "  [  1.06718180e-321   5.43472210e-323   6.92000231e-310   5.84837955e-317]\n",
      "  [  0.00000000e+000   1.38338381e-322               nan   4.94065646e-323]\n",
      "  [  0.00000000e+000   1.42290906e-321   3.95252517e-323   6.92000231e-310]]\n",
      "\n",
      " [[  5.84905148e-317   0.00000000e+000   6.92008266e-310   0.00000000e+000]\n",
      "  [  0.00000000e+000   6.92008265e-310   6.92007365e-310   6.92008266e-310]\n",
      "  [  6.92008278e-310   6.92008068e-310   0.00000000e+000   0.00000000e+000]\n",
      "  [  1.77863633e-321   9.88131292e-324   6.91982827e-310   5.84718589e-317]]]\n",
      "\n",
      "p1 shape:  (4, 4)\n",
      "\n",
      "p shape:  (10, 4, 4)\n",
      "\n",
      "p:  [[[  9.98629459e-001   0.00000000e+000  -5.23373927e-002  -7.26871938e-003]\n",
      "  [  5.23373927e-002   0.00000000e+000   9.98629459e-001   1.38691611e-001]\n",
      "  [  0.00000000e+000  -1.00000000e+000   0.00000000e+000   1.51015650e-001]\n",
      "  [  0.00000000e+000   0.00000000e+000   0.00000000e+000   1.00000000e+000]]\n",
      "\n",
      " [[ -3.74159181e-001   0.00000000e+000  -9.27364496e-001  -1.63910197e-001]\n",
      "  [  9.27364496e-001   0.00000000e+000  -3.74159181e-001  -6.61320389e-002]\n",
      "  [  0.00000000e+000  -1.00000000e+000   0.00000000e+000   2.91158285e-001]\n",
      "  [  0.00000000e+000   0.00000000e+000   0.00000000e+000   1.00000000e+000]]\n",
      "\n",
      " [[  1.06400250e+248   2.43813711e-152   3.68065907e+180   1.85019263e-070]\n",
      "  [  2.55614266e+161   7.28559143e+199   2.02640755e+267   6.92339726e+218]\n",
      "  [  3.03837572e+180   8.42207959e+251   7.36537105e+271   1.05893930e-153]\n",
      "  [  1.41696009e+161   1.02277190e-259   2.87718100e-014   6.01124640e+175]]\n",
      "\n",
      " [[  4.24741085e+228   7.28797214e+174   5.04523963e+223   8.54517574e+194]\n",
      "  [  8.39375968e+242   9.14984980e+199   2.86530681e+161   6.39932017e+202]\n",
      "  [  2.17230030e-153   3.87204198e+228   1.67500769e+243   3.31268827e+151]\n",
      "  [  1.69201560e+190   6.93602036e-013   2.58306972e+161   4.61964705e+281]]\n",
      "\n",
      " [[  2.85678800e+151   1.71119574e+243   5.95359229e+228   4.06670849e+223]\n",
      "  [  6.96769784e+252   6.96769784e+252   1.33733641e+160   4.99490978e+228]\n",
      "  [  4.95124293e+228   4.95124294e+228   3.22123702e+097   4.73517493e-120]\n",
      "  [  1.97280536e-153   7.51446443e+199   8.82069538e+199   1.12233434e+219]]\n",
      "\n",
      " [[  4.24819624e+180   7.51446443e+199   2.16209973e+233   1.09906110e+248]\n",
      "  [  2.88014710e+214   5.05359147e+231   5.28609898e-085   2.98751669e+174]\n",
      "  [  9.44460749e-096   2.19993017e-152   5.04496164e+223   2.39371540e+203]\n",
      "  [  1.58794027e-028   3.25060610e-318   3.79442416e-321   2.84581812e-321]]\n",
      "\n",
      " [[  0.00000000e+000   6.92000231e-310               nan   0.00000000e+000]\n",
      "  [  6.92008266e-310   9.88131292e-323   1.76771273e-316   6.92000215e-310]\n",
      "  [  6.92008278e-310   6.92007454e-310   0.00000000e+000   1.76801036e-316]\n",
      "  [  0.00000000e+000   0.00000000e+000   0.00000000e+000   0.00000000e+000]]\n",
      "\n",
      " [[  0.00000000e+000   0.00000000e+000   6.36598738e-314   0.00000000e+000]\n",
      "  [  2.37663529e-312   2.58883486e-312   2.12199584e-314   1.18575755e-322]\n",
      "  [              nan   0.00000000e+000   0.00000000e+000   7.11454530e-322]\n",
      "  [  5.43472210e-323   6.92000231e-310   5.84837560e-317   0.00000000e+000]]\n",
      "\n",
      " [[  1.38338381e-322               nan   0.00000000e+000   0.00000000e+000]\n",
      "  [  1.06718180e-321   5.43472210e-323   6.92000231e-310   5.84837955e-317]\n",
      "  [  0.00000000e+000   1.38338381e-322               nan   4.94065646e-323]\n",
      "  [  0.00000000e+000   1.42290906e-321   3.95252517e-323   6.92000231e-310]]\n",
      "\n",
      " [[  5.84905148e-317   0.00000000e+000   6.92008266e-310   0.00000000e+000]\n",
      "  [  0.00000000e+000   6.92008265e-310   6.92007365e-310   6.92008266e-310]\n",
      "  [  6.92008278e-310   6.92008068e-310   0.00000000e+000   0.00000000e+000]\n",
      "  [  1.77863633e-321   9.88131292e-324   6.91982827e-310   5.84718589e-317]]]\n",
      "\n",
      "p1 shape:  (4, 4)\n",
      "\n",
      "p shape:  (10, 4, 4)\n",
      "\n",
      "p:  [[[  9.98629459e-001   0.00000000e+000  -5.23373927e-002  -7.26871938e-003]\n",
      "  [  5.23373927e-002   0.00000000e+000   9.98629459e-001   1.38691611e-001]\n",
      "  [  0.00000000e+000  -1.00000000e+000   0.00000000e+000   1.51015650e-001]\n",
      "  [  0.00000000e+000   0.00000000e+000   0.00000000e+000   1.00000000e+000]]\n",
      "\n",
      " [[ -3.74159181e-001   0.00000000e+000  -9.27364496e-001  -1.63910197e-001]\n",
      "  [  9.27364496e-001   0.00000000e+000  -3.74159181e-001  -6.61320389e-002]\n",
      "  [  0.00000000e+000  -1.00000000e+000   0.00000000e+000   2.91158285e-001]\n",
      "  [  0.00000000e+000   0.00000000e+000   0.00000000e+000   1.00000000e+000]]\n",
      "\n",
      " [[ -5.68233429e-001   0.00000000e+000  -8.22867408e-001  -1.17957983e-002]\n",
      "  [  8.22867408e-001   0.00000000e+000  -5.68233429e-001  -8.14562206e-003]\n",
      "  [  0.00000000e+000  -1.00000000e+000   0.00000000e+000   1.96584352e-002]\n",
      "  [  0.00000000e+000   0.00000000e+000   0.00000000e+000   1.00000000e+000]]\n",
      "\n",
      " [[  4.24741085e+228   7.28797214e+174   5.04523963e+223   8.54517574e+194]\n",
      "  [  8.39375968e+242   9.14984980e+199   2.86530681e+161   6.39932017e+202]\n",
      "  [  2.17230030e-153   3.87204198e+228   1.67500769e+243   3.31268827e+151]\n",
      "  [  1.69201560e+190   6.93602036e-013   2.58306972e+161   4.61964705e+281]]\n",
      "\n",
      " [[  2.85678800e+151   1.71119574e+243   5.95359229e+228   4.06670849e+223]\n",
      "  [  6.96769784e+252   6.96769784e+252   1.33733641e+160   4.99490978e+228]\n",
      "  [  4.95124293e+228   4.95124294e+228   3.22123702e+097   4.73517493e-120]\n",
      "  [  1.97280536e-153   7.51446443e+199   8.82069538e+199   1.12233434e+219]]\n",
      "\n",
      " [[  4.24819624e+180   7.51446443e+199   2.16209973e+233   1.09906110e+248]\n",
      "  [  2.88014710e+214   5.05359147e+231   5.28609898e-085   2.98751669e+174]\n",
      "  [  9.44460749e-096   2.19993017e-152   5.04496164e+223   2.39371540e+203]\n",
      "  [  1.58794027e-028   3.25060610e-318   3.79442416e-321   2.84581812e-321]]\n",
      "\n",
      " [[  0.00000000e+000   6.92000231e-310               nan   0.00000000e+000]\n",
      "  [  6.92008266e-310   9.88131292e-323   1.76771273e-316   6.92000215e-310]\n",
      "  [  6.92008278e-310   6.92007454e-310   0.00000000e+000   1.76801036e-316]\n",
      "  [  0.00000000e+000   0.00000000e+000   0.00000000e+000   0.00000000e+000]]\n",
      "\n",
      " [[  0.00000000e+000   0.00000000e+000   6.36598738e-314   0.00000000e+000]\n",
      "  [  2.37663529e-312   2.58883486e-312   2.12199584e-314   1.18575755e-322]\n",
      "  [              nan   0.00000000e+000   0.00000000e+000   7.11454530e-322]\n",
      "  [  5.43472210e-323   6.92000231e-310   5.84837560e-317   0.00000000e+000]]\n",
      "\n",
      " [[  1.38338381e-322               nan   0.00000000e+000   0.00000000e+000]\n",
      "  [  1.06718180e-321   5.43472210e-323   6.92000231e-310   5.84837955e-317]\n",
      "  [  0.00000000e+000   1.38338381e-322               nan   4.94065646e-323]\n",
      "  [  0.00000000e+000   1.42290906e-321   3.95252517e-323   6.92000231e-310]]\n",
      "\n",
      " [[  5.84905148e-317   0.00000000e+000   6.92008266e-310   0.00000000e+000]\n",
      "  [  0.00000000e+000   6.92008265e-310   6.92007365e-310   6.92008266e-310]\n",
      "  [  6.92008278e-310   6.92008068e-310   0.00000000e+000   0.00000000e+000]\n",
      "  [  1.77863633e-321   9.88131292e-324   6.91982827e-310   5.84718589e-317]]]\n",
      "\n",
      "p1 shape:  (4, 4)\n",
      "\n",
      "p shape:  (10, 4, 4)\n",
      "\n",
      "p:  [[[  9.98629459e-001   0.00000000e+000  -5.23373927e-002  -7.26871938e-003]\n",
      "  [  5.23373927e-002   0.00000000e+000   9.98629459e-001   1.38691611e-001]\n",
      "  [  0.00000000e+000  -1.00000000e+000   0.00000000e+000   1.51015650e-001]\n",
      "  [  0.00000000e+000   0.00000000e+000   0.00000000e+000   1.00000000e+000]]\n",
      "\n",
      " [[ -3.74159181e-001   0.00000000e+000  -9.27364496e-001  -1.63910197e-001]\n",
      "  [  9.27364496e-001   0.00000000e+000  -3.74159181e-001  -6.61320389e-002]\n",
      "  [  0.00000000e+000  -1.00000000e+000   0.00000000e+000   2.91158285e-001]\n",
      "  [  0.00000000e+000   0.00000000e+000   0.00000000e+000   1.00000000e+000]]\n",
      "\n",
      " [[ -5.68233429e-001   0.00000000e+000  -8.22867408e-001  -1.17957983e-002]\n",
      "  [  8.22867408e-001   0.00000000e+000  -5.68233429e-001  -8.14562206e-003]\n",
      "  [  0.00000000e+000  -1.00000000e+000   0.00000000e+000   1.96584352e-002]\n",
      "  [  0.00000000e+000   0.00000000e+000   0.00000000e+000   1.00000000e+000]]\n",
      "\n",
      " [[ -9.54924385e-001   0.00000000e+000  -2.96849152e-001  -5.02652499e-002]\n",
      "  [  2.96849152e-001   0.00000000e+000  -9.54924385e-001  -1.61696648e-001]\n",
      "  [  0.00000000e+000  -1.00000000e+000   0.00000000e+000   2.59206200e-001]\n",
      "  [  0.00000000e+000   0.00000000e+000   0.00000000e+000   1.00000000e+000]]\n",
      "\n",
      " [[  2.85678800e+151   1.71119574e+243   5.95359229e+228   4.06670849e+223]\n",
      "  [  6.96769784e+252   6.96769784e+252   1.33733641e+160   4.99490978e+228]\n",
      "  [  4.95124293e+228   4.95124294e+228   3.22123702e+097   4.73517493e-120]\n",
      "  [  1.97280536e-153   7.51446443e+199   8.82069538e+199   1.12233434e+219]]\n",
      "\n",
      " [[  4.24819624e+180   7.51446443e+199   2.16209973e+233   1.09906110e+248]\n",
      "  [  2.88014710e+214   5.05359147e+231   5.28609898e-085   2.98751669e+174]\n",
      "  [  9.44460749e-096   2.19993017e-152   5.04496164e+223   2.39371540e+203]\n",
      "  [  1.58794027e-028   3.25060610e-318   3.79442416e-321   2.84581812e-321]]\n",
      "\n",
      " [[  0.00000000e+000   6.92000231e-310               nan   0.00000000e+000]\n",
      "  [  6.92008266e-310   9.88131292e-323   1.76771273e-316   6.92000215e-310]\n",
      "  [  6.92008278e-310   6.92007454e-310   0.00000000e+000   1.76801036e-316]\n",
      "  [  0.00000000e+000   0.00000000e+000   0.00000000e+000   0.00000000e+000]]\n",
      "\n",
      " [[  0.00000000e+000   0.00000000e+000   6.36598738e-314   0.00000000e+000]\n",
      "  [  2.37663529e-312   2.58883486e-312   2.12199584e-314   1.18575755e-322]\n",
      "  [              nan   0.00000000e+000   0.00000000e+000   7.11454530e-322]\n",
      "  [  5.43472210e-323   6.92000231e-310   5.84837560e-317   0.00000000e+000]]\n",
      "\n",
      " [[  1.38338381e-322               nan   0.00000000e+000   0.00000000e+000]\n",
      "  [  1.06718180e-321   5.43472210e-323   6.92000231e-310   5.84837955e-317]\n",
      "  [  0.00000000e+000   1.38338381e-322               nan   4.94065646e-323]\n",
      "  [  0.00000000e+000   1.42290906e-321   3.95252517e-323   6.92000231e-310]]\n",
      "\n",
      " [[  5.84905148e-317   0.00000000e+000   6.92008266e-310   0.00000000e+000]\n",
      "  [  0.00000000e+000   6.92008265e-310   6.92007365e-310   6.92008266e-310]\n",
      "  [  6.92008278e-310   6.92008068e-310   0.00000000e+000   0.00000000e+000]\n",
      "  [  1.77863633e-321   9.88131292e-324   6.91982827e-310   5.84718589e-317]]]\n",
      "\n",
      "p1 shape:  (4, 4)\n",
      "\n",
      "p shape:  (10, 4, 4)\n",
      "\n",
      "p:  [[[  9.98629459e-001   0.00000000e+000  -5.23373927e-002  -7.26871938e-003]\n",
      "  [  5.23373927e-002   0.00000000e+000   9.98629459e-001   1.38691611e-001]\n",
      "  [  0.00000000e+000  -1.00000000e+000   0.00000000e+000   1.51015650e-001]\n",
      "  [  0.00000000e+000   0.00000000e+000   0.00000000e+000   1.00000000e+000]]\n",
      "\n",
      " [[ -3.74159181e-001   0.00000000e+000  -9.27364496e-001  -1.63910197e-001]\n",
      "  [  9.27364496e-001   0.00000000e+000  -3.74159181e-001  -6.61320389e-002]\n",
      "  [  0.00000000e+000  -1.00000000e+000   0.00000000e+000   2.91158285e-001]\n",
      "  [  0.00000000e+000   0.00000000e+000   0.00000000e+000   1.00000000e+000]]\n",
      "\n",
      " [[ -5.68233429e-001   0.00000000e+000  -8.22867408e-001  -1.17957983e-002]\n",
      "  [  8.22867408e-001   0.00000000e+000  -5.68233429e-001  -8.14562206e-003]\n",
      "  [  0.00000000e+000  -1.00000000e+000   0.00000000e+000   1.96584352e-002]\n",
      "  [  0.00000000e+000   0.00000000e+000   0.00000000e+000   1.00000000e+000]]\n",
      "\n",
      " [[ -9.54924385e-001   0.00000000e+000  -2.96849152e-001  -5.02652499e-002]\n",
      "  [  2.96849152e-001   0.00000000e+000  -9.54924385e-001  -1.61696648e-001]\n",
      "  [  0.00000000e+000  -1.00000000e+000   0.00000000e+000   2.59206200e-001]\n",
      "  [  0.00000000e+000   0.00000000e+000   0.00000000e+000   1.00000000e+000]]\n",
      "\n",
      " [[ -7.67340603e-001   0.00000000e+000  -6.41239736e-001  -2.94479610e-002]\n",
      "  [  6.41239736e-001   0.00000000e+000  -7.67340603e-001  -3.52389517e-002]\n",
      "  [  0.00000000e+000  -1.00000000e+000   0.00000000e+000   1.21250992e-001]\n",
      "  [  0.00000000e+000   0.00000000e+000   0.00000000e+000   1.00000000e+000]]\n",
      "\n",
      " [[  4.24819624e+180   7.51446443e+199   2.16209973e+233   1.09906110e+248]\n",
      "  [  2.88014710e+214   5.05359147e+231   5.28609898e-085   2.98751669e+174]\n",
      "  [  9.44460749e-096   2.19993017e-152   5.04496164e+223   2.39371540e+203]\n",
      "  [  1.58794027e-028   3.25060610e-318   3.79442416e-321   2.84581812e-321]]\n",
      "\n",
      " [[  0.00000000e+000   6.92000231e-310               nan   0.00000000e+000]\n",
      "  [  6.92008266e-310   9.88131292e-323   1.76771273e-316   6.92000215e-310]\n",
      "  [  6.92008278e-310   6.92007454e-310   0.00000000e+000   1.76801036e-316]\n",
      "  [  0.00000000e+000   0.00000000e+000   0.00000000e+000   0.00000000e+000]]\n",
      "\n",
      " [[  0.00000000e+000   0.00000000e+000   6.36598738e-314   0.00000000e+000]\n",
      "  [  2.37663529e-312   2.58883486e-312   2.12199584e-314   1.18575755e-322]\n",
      "  [              nan   0.00000000e+000   0.00000000e+000   7.11454530e-322]\n",
      "  [  5.43472210e-323   6.92000231e-310   5.84837560e-317   0.00000000e+000]]\n",
      "\n",
      " [[  1.38338381e-322               nan   0.00000000e+000   0.00000000e+000]\n",
      "  [  1.06718180e-321   5.43472210e-323   6.92000231e-310   5.84837955e-317]\n",
      "  [  0.00000000e+000   1.38338381e-322               nan   4.94065646e-323]\n",
      "  [  0.00000000e+000   1.42290906e-321   3.95252517e-323   6.92000231e-310]]\n",
      "\n",
      " [[  5.84905148e-317   0.00000000e+000   6.92008266e-310   0.00000000e+000]\n",
      "  [  0.00000000e+000   6.92008265e-310   6.92007365e-310   6.92008266e-310]\n",
      "  [  6.92008278e-310   6.92008068e-310   0.00000000e+000   0.00000000e+000]\n",
      "  [  1.77863633e-321   9.88131292e-324   6.91982827e-310   5.84718589e-317]]]\n",
      "\n",
      "p1 shape:  (4, 4)\n",
      "\n",
      "p shape:  (10, 4, 4)\n",
      "\n",
      "p:  [[[  9.98629459e-001   0.00000000e+000  -5.23373927e-002  -7.26871938e-003]\n",
      "  [  5.23373927e-002   0.00000000e+000   9.98629459e-001   1.38691611e-001]\n",
      "  [  0.00000000e+000  -1.00000000e+000   0.00000000e+000   1.51015650e-001]\n",
      "  [  0.00000000e+000   0.00000000e+000   0.00000000e+000   1.00000000e+000]]\n",
      "\n",
      " [[ -3.74159181e-001   0.00000000e+000  -9.27364496e-001  -1.63910197e-001]\n",
      "  [  9.27364496e-001   0.00000000e+000  -3.74159181e-001  -6.61320389e-002]\n",
      "  [  0.00000000e+000  -1.00000000e+000   0.00000000e+000   2.91158285e-001]\n",
      "  [  0.00000000e+000   0.00000000e+000   0.00000000e+000   1.00000000e+000]]\n",
      "\n",
      " [[ -5.68233429e-001   0.00000000e+000  -8.22867408e-001  -1.17957983e-002]\n",
      "  [  8.22867408e-001   0.00000000e+000  -5.68233429e-001  -8.14562206e-003]\n",
      "  [  0.00000000e+000  -1.00000000e+000   0.00000000e+000   1.96584352e-002]\n",
      "  [  0.00000000e+000   0.00000000e+000   0.00000000e+000   1.00000000e+000]]\n",
      "\n",
      " [[ -9.54924385e-001   0.00000000e+000  -2.96849152e-001  -5.02652499e-002]\n",
      "  [  2.96849152e-001   0.00000000e+000  -9.54924385e-001  -1.61696648e-001]\n",
      "  [  0.00000000e+000  -1.00000000e+000   0.00000000e+000   2.59206200e-001]\n",
      "  [  0.00000000e+000   0.00000000e+000   0.00000000e+000   1.00000000e+000]]\n",
      "\n",
      " [[ -7.67340603e-001   0.00000000e+000  -6.41239736e-001  -2.94479610e-002]\n",
      "  [  6.41239736e-001   0.00000000e+000  -7.67340603e-001  -3.52389517e-002]\n",
      "  [  0.00000000e+000  -1.00000000e+000   0.00000000e+000   1.21250992e-001]\n",
      "  [  0.00000000e+000   0.00000000e+000   0.00000000e+000   1.00000000e+000]]\n",
      "\n",
      " [[  5.89846240e-001   0.00000000e+000  -8.07515581e-001  -9.53002663e-002]\n",
      "  [  8.07515581e-001   0.00000000e+000   5.89846240e-001   6.96116646e-002]\n",
      "  [  0.00000000e+000  -1.00000000e+000   0.00000000e+000   2.80551908e-001]\n",
      "  [  0.00000000e+000   0.00000000e+000   0.00000000e+000   1.00000000e+000]]\n",
      "\n",
      " [[  0.00000000e+000   6.92000231e-310               nan   0.00000000e+000]\n",
      "  [  6.92008266e-310   9.88131292e-323   1.76771273e-316   6.92000215e-310]\n",
      "  [  6.92008278e-310   6.92007454e-310   0.00000000e+000   1.76801036e-316]\n",
      "  [  0.00000000e+000   0.00000000e+000   0.00000000e+000   0.00000000e+000]]\n",
      "\n",
      " [[  0.00000000e+000   0.00000000e+000   6.36598738e-314   0.00000000e+000]\n",
      "  [  2.37663529e-312   2.58883486e-312   2.12199584e-314   1.18575755e-322]\n",
      "  [              nan   0.00000000e+000   0.00000000e+000   7.11454530e-322]\n",
      "  [  5.43472210e-323   6.92000231e-310   5.84837560e-317   0.00000000e+000]]\n",
      "\n",
      " [[  1.38338381e-322               nan   0.00000000e+000   0.00000000e+000]\n",
      "  [  1.06718180e-321   5.43472210e-323   6.92000231e-310   5.84837955e-317]\n",
      "  [  0.00000000e+000   1.38338381e-322               nan   4.94065646e-323]\n",
      "  [  0.00000000e+000   1.42290906e-321   3.95252517e-323   6.92000231e-310]]\n",
      "\n",
      " [[  5.84905148e-317   0.00000000e+000   6.92008266e-310   0.00000000e+000]\n",
      "  [  0.00000000e+000   6.92008265e-310   6.92007365e-310   6.92008266e-310]\n",
      "  [  6.92008278e-310   6.92008068e-310   0.00000000e+000   0.00000000e+000]\n",
      "  [  1.77863633e-321   9.88131292e-324   6.91982827e-310   5.84718589e-317]]]\n",
      "\n",
      "p1 shape:  (4, 4)\n",
      "\n",
      "p shape:  (10, 4, 4)\n",
      "\n",
      "p:  [[[  9.98629459e-001   0.00000000e+000  -5.23373927e-002  -7.26871938e-003]\n",
      "  [  5.23373927e-002   0.00000000e+000   9.98629459e-001   1.38691611e-001]\n",
      "  [  0.00000000e+000  -1.00000000e+000   0.00000000e+000   1.51015650e-001]\n",
      "  [  0.00000000e+000   0.00000000e+000   0.00000000e+000   1.00000000e+000]]\n",
      "\n",
      " [[ -3.74159181e-001   0.00000000e+000  -9.27364496e-001  -1.63910197e-001]\n",
      "  [  9.27364496e-001   0.00000000e+000  -3.74159181e-001  -6.61320389e-002]\n",
      "  [  0.00000000e+000  -1.00000000e+000   0.00000000e+000   2.91158285e-001]\n",
      "  [  0.00000000e+000   0.00000000e+000   0.00000000e+000   1.00000000e+000]]\n",
      "\n",
      " [[ -5.68233429e-001   0.00000000e+000  -8.22867408e-001  -1.17957983e-002]\n",
      "  [  8.22867408e-001   0.00000000e+000  -5.68233429e-001  -8.14562206e-003]\n",
      "  [  0.00000000e+000  -1.00000000e+000   0.00000000e+000   1.96584352e-002]\n",
      "  [  0.00000000e+000   0.00000000e+000   0.00000000e+000   1.00000000e+000]]\n",
      "\n",
      " [[ -9.54924385e-001   0.00000000e+000  -2.96849152e-001  -5.02652499e-002]\n",
      "  [  2.96849152e-001   0.00000000e+000  -9.54924385e-001  -1.61696648e-001]\n",
      "  [  0.00000000e+000  -1.00000000e+000   0.00000000e+000   2.59206200e-001]\n",
      "  [  0.00000000e+000   0.00000000e+000   0.00000000e+000   1.00000000e+000]]\n",
      "\n",
      " [[ -7.67340603e-001   0.00000000e+000  -6.41239736e-001  -2.94479610e-002]\n",
      "  [  6.41239736e-001   0.00000000e+000  -7.67340603e-001  -3.52389517e-002]\n",
      "  [  0.00000000e+000  -1.00000000e+000   0.00000000e+000   1.21250992e-001]\n",
      "  [  0.00000000e+000   0.00000000e+000   0.00000000e+000   1.00000000e+000]]\n",
      "\n",
      " [[  5.89846240e-001   0.00000000e+000  -8.07515581e-001  -9.53002663e-002]\n",
      "  [  8.07515581e-001   0.00000000e+000   5.89846240e-001   6.96116646e-002]\n",
      "  [  0.00000000e+000  -1.00000000e+000   0.00000000e+000   2.80551908e-001]\n",
      "  [  0.00000000e+000   0.00000000e+000   0.00000000e+000   1.00000000e+000]]\n",
      "\n",
      " [[  9.43195437e-001   0.00000000e+000  -3.32238421e-001  -4.87306981e-002]\n",
      "  [  3.32238421e-001   0.00000000e+000   9.43195437e-001   1.38342134e-001]\n",
      "  [  0.00000000e+000  -1.00000000e+000   0.00000000e+000   2.21392122e-001]\n",
      "  [  0.00000000e+000   0.00000000e+000   0.00000000e+000   1.00000000e+000]]\n",
      "\n",
      " [[  0.00000000e+000   0.00000000e+000   6.36598738e-314   0.00000000e+000]\n",
      "  [  2.37663529e-312   2.58883486e-312   2.12199584e-314   1.18575755e-322]\n",
      "  [              nan   0.00000000e+000   0.00000000e+000   7.11454530e-322]\n",
      "  [  5.43472210e-323   6.92000231e-310   5.84837560e-317   0.00000000e+000]]\n",
      "\n",
      " [[  1.38338381e-322               nan   0.00000000e+000   0.00000000e+000]\n",
      "  [  1.06718180e-321   5.43472210e-323   6.92000231e-310   5.84837955e-317]\n",
      "  [  0.00000000e+000   1.38338381e-322               nan   4.94065646e-323]\n",
      "  [  0.00000000e+000   1.42290906e-321   3.95252517e-323   6.92000231e-310]]\n",
      "\n",
      " [[  5.84905148e-317   0.00000000e+000   6.92008266e-310   0.00000000e+000]\n",
      "  [  0.00000000e+000   6.92008265e-310   6.92007365e-310   6.92008266e-310]\n",
      "  [  6.92008278e-310   6.92008068e-310   0.00000000e+000   0.00000000e+000]\n",
      "  [  1.77863633e-321   9.88131292e-324   6.91982827e-310   5.84718589e-317]]]\n",
      "\n",
      "p1 shape:  (4, 4)\n",
      "\n",
      "p shape:  (10, 4, 4)\n",
      "\n",
      "p:  [[[  9.98629459e-001   0.00000000e+000  -5.23373927e-002  -7.26871938e-003]\n",
      "  [  5.23373927e-002   0.00000000e+000   9.98629459e-001   1.38691611e-001]\n",
      "  [  0.00000000e+000  -1.00000000e+000   0.00000000e+000   1.51015650e-001]\n",
      "  [  0.00000000e+000   0.00000000e+000   0.00000000e+000   1.00000000e+000]]\n",
      "\n",
      " [[ -3.74159181e-001   0.00000000e+000  -9.27364496e-001  -1.63910197e-001]\n",
      "  [  9.27364496e-001   0.00000000e+000  -3.74159181e-001  -6.61320389e-002]\n",
      "  [  0.00000000e+000  -1.00000000e+000   0.00000000e+000   2.91158285e-001]\n",
      "  [  0.00000000e+000   0.00000000e+000   0.00000000e+000   1.00000000e+000]]\n",
      "\n",
      " [[ -5.68233429e-001   0.00000000e+000  -8.22867408e-001  -1.17957983e-002]\n",
      "  [  8.22867408e-001   0.00000000e+000  -5.68233429e-001  -8.14562206e-003]\n",
      "  [  0.00000000e+000  -1.00000000e+000   0.00000000e+000   1.96584352e-002]\n",
      "  [  0.00000000e+000   0.00000000e+000   0.00000000e+000   1.00000000e+000]]\n",
      "\n",
      " [[ -9.54924385e-001   0.00000000e+000  -2.96849152e-001  -5.02652499e-002]\n",
      "  [  2.96849152e-001   0.00000000e+000  -9.54924385e-001  -1.61696648e-001]\n",
      "  [  0.00000000e+000  -1.00000000e+000   0.00000000e+000   2.59206200e-001]\n",
      "  [  0.00000000e+000   0.00000000e+000   0.00000000e+000   1.00000000e+000]]\n",
      "\n",
      " [[ -7.67340603e-001   0.00000000e+000  -6.41239736e-001  -2.94479610e-002]\n",
      "  [  6.41239736e-001   0.00000000e+000  -7.67340603e-001  -3.52389517e-002]\n",
      "  [  0.00000000e+000  -1.00000000e+000   0.00000000e+000   1.21250992e-001]\n",
      "  [  0.00000000e+000   0.00000000e+000   0.00000000e+000   1.00000000e+000]]\n",
      "\n",
      " [[  5.89846240e-001   0.00000000e+000  -8.07515581e-001  -9.53002663e-002]\n",
      "  [  8.07515581e-001   0.00000000e+000   5.89846240e-001   6.96116646e-002]\n",
      "  [  0.00000000e+000  -1.00000000e+000   0.00000000e+000   2.80551908e-001]\n",
      "  [  0.00000000e+000   0.00000000e+000   0.00000000e+000   1.00000000e+000]]\n",
      "\n",
      " [[  9.43195437e-001   0.00000000e+000  -3.32238421e-001  -4.87306981e-002]\n",
      "  [  3.32238421e-001   0.00000000e+000   9.43195437e-001   1.38342134e-001]\n",
      "  [  0.00000000e+000  -1.00000000e+000   0.00000000e+000   2.21392122e-001]\n",
      "  [  0.00000000e+000   0.00000000e+000   0.00000000e+000   1.00000000e+000]]\n",
      "\n",
      " [[  6.92965456e-001   0.00000000e+000  -7.20970788e-001  -9.51633224e-002]\n",
      "  [  7.20970788e-001   0.00000000e+000   6.92965456e-001   9.14668058e-002]\n",
      "  [  0.00000000e+000  -1.00000000e+000   0.00000000e+000   1.33576473e-001]\n",
      "  [  0.00000000e+000   0.00000000e+000   0.00000000e+000   1.00000000e+000]]\n",
      "\n",
      " [[  1.38338381e-322               nan   0.00000000e+000   0.00000000e+000]\n",
      "  [  1.06718180e-321   5.43472210e-323   6.92000231e-310   5.84837955e-317]\n",
      "  [  0.00000000e+000   1.38338381e-322               nan   4.94065646e-323]\n",
      "  [  0.00000000e+000   1.42290906e-321   3.95252517e-323   6.92000231e-310]]\n",
      "\n",
      " [[  5.84905148e-317   0.00000000e+000   6.92008266e-310   0.00000000e+000]\n",
      "  [  0.00000000e+000   6.92008265e-310   6.92007365e-310   6.92008266e-310]\n",
      "  [  6.92008278e-310   6.92008068e-310   0.00000000e+000   0.00000000e+000]\n",
      "  [  1.77863633e-321   9.88131292e-324   6.91982827e-310   5.84718589e-317]]]\n",
      "\n",
      "p1 shape:  (4, 4)\n",
      "\n",
      "p shape:  (10, 4, 4)\n",
      "\n",
      "p:  [[[  9.98629459e-001   0.00000000e+000  -5.23373927e-002  -7.26871938e-003]\n",
      "  [  5.23373927e-002   0.00000000e+000   9.98629459e-001   1.38691611e-001]\n",
      "  [  0.00000000e+000  -1.00000000e+000   0.00000000e+000   1.51015650e-001]\n",
      "  [  0.00000000e+000   0.00000000e+000   0.00000000e+000   1.00000000e+000]]\n",
      "\n",
      " [[ -3.74159181e-001   0.00000000e+000  -9.27364496e-001  -1.63910197e-001]\n",
      "  [  9.27364496e-001   0.00000000e+000  -3.74159181e-001  -6.61320389e-002]\n",
      "  [  0.00000000e+000  -1.00000000e+000   0.00000000e+000   2.91158285e-001]\n",
      "  [  0.00000000e+000   0.00000000e+000   0.00000000e+000   1.00000000e+000]]\n",
      "\n",
      " [[ -5.68233429e-001   0.00000000e+000  -8.22867408e-001  -1.17957983e-002]\n",
      "  [  8.22867408e-001   0.00000000e+000  -5.68233429e-001  -8.14562206e-003]\n",
      "  [  0.00000000e+000  -1.00000000e+000   0.00000000e+000   1.96584352e-002]\n",
      "  [  0.00000000e+000   0.00000000e+000   0.00000000e+000   1.00000000e+000]]\n",
      "\n",
      " [[ -9.54924385e-001   0.00000000e+000  -2.96849152e-001  -5.02652499e-002]\n",
      "  [  2.96849152e-001   0.00000000e+000  -9.54924385e-001  -1.61696648e-001]\n",
      "  [  0.00000000e+000  -1.00000000e+000   0.00000000e+000   2.59206200e-001]\n",
      "  [  0.00000000e+000   0.00000000e+000   0.00000000e+000   1.00000000e+000]]\n",
      "\n",
      " [[ -7.67340603e-001   0.00000000e+000  -6.41239736e-001  -2.94479610e-002]\n",
      "  [  6.41239736e-001   0.00000000e+000  -7.67340603e-001  -3.52389517e-002]\n",
      "  [  0.00000000e+000  -1.00000000e+000   0.00000000e+000   1.21250992e-001]\n",
      "  [  0.00000000e+000   0.00000000e+000   0.00000000e+000   1.00000000e+000]]\n",
      "\n",
      " [[  5.89846240e-001   0.00000000e+000  -8.07515581e-001  -9.53002663e-002]\n",
      "  [  8.07515581e-001   0.00000000e+000   5.89846240e-001   6.96116646e-002]\n",
      "  [  0.00000000e+000  -1.00000000e+000   0.00000000e+000   2.80551908e-001]\n",
      "  [  0.00000000e+000   0.00000000e+000   0.00000000e+000   1.00000000e+000]]\n",
      "\n",
      " [[  9.43195437e-001   0.00000000e+000  -3.32238421e-001  -4.87306981e-002]\n",
      "  [  3.32238421e-001   0.00000000e+000   9.43195437e-001   1.38342134e-001]\n",
      "  [  0.00000000e+000  -1.00000000e+000   0.00000000e+000   2.21392122e-001]\n",
      "  [  0.00000000e+000   0.00000000e+000   0.00000000e+000   1.00000000e+000]]\n",
      "\n",
      " [[  6.92965456e-001   0.00000000e+000  -7.20970788e-001  -9.51633224e-002]\n",
      "  [  7.20970788e-001   0.00000000e+000   6.92965456e-001   9.14668058e-002]\n",
      "  [  0.00000000e+000  -1.00000000e+000   0.00000000e+000   1.33576473e-001]\n",
      "  [  0.00000000e+000   0.00000000e+000   0.00000000e+000   1.00000000e+000]]\n",
      "\n",
      " [[  9.94489848e-001   0.00000000e+000  -1.04832925e-001  -8.35467713e-003]\n",
      "  [  1.04832925e-001   0.00000000e+000   9.94489848e-001   7.92560314e-002]\n",
      "  [  0.00000000e+000  -1.00000000e+000   0.00000000e+000   1.81338392e-001]\n",
      "  [  0.00000000e+000   0.00000000e+000   0.00000000e+000   1.00000000e+000]]\n",
      "\n",
      " [[  5.84905148e-317   0.00000000e+000   6.92008266e-310   0.00000000e+000]\n",
      "  [  0.00000000e+000   6.92008265e-310   6.92007365e-310   6.92008266e-310]\n",
      "  [  6.92008278e-310   6.92008068e-310   0.00000000e+000   0.00000000e+000]\n",
      "  [  1.77863633e-321   9.88131292e-324   6.91982827e-310   5.84718589e-317]]]\n",
      "\n",
      "p1 shape:  (4, 4)\n",
      "\n",
      "p shape:  (10, 4, 4)\n",
      "\n",
      "p:  [[[ 0.99862946  0.         -0.05233739 -0.00726872]\n",
      "  [ 0.05233739  0.          0.99862946  0.13869161]\n",
      "  [ 0.         -1.          0.          0.15101565]\n",
      "  [ 0.          0.          0.          1.        ]]\n",
      "\n",
      " [[-0.37415918  0.         -0.9273645  -0.1639102 ]\n",
      "  [ 0.9273645   0.         -0.37415918 -0.06613204]\n",
      "  [ 0.         -1.          0.          0.29115828]\n",
      "  [ 0.          0.          0.          1.        ]]\n",
      "\n",
      " [[-0.56823343  0.         -0.82286741 -0.0117958 ]\n",
      "  [ 0.82286741  0.         -0.56823343 -0.00814562]\n",
      "  [ 0.         -1.          0.          0.01965844]\n",
      "  [ 0.          0.          0.          1.        ]]\n",
      "\n",
      " [[-0.95492438  0.         -0.29684915 -0.05026525]\n",
      "  [ 0.29684915  0.         -0.95492438 -0.16169665]\n",
      "  [ 0.         -1.          0.          0.2592062 ]\n",
      "  [ 0.          0.          0.          1.        ]]\n",
      "\n",
      " [[-0.7673406   0.         -0.64123974 -0.02944796]\n",
      "  [ 0.64123974  0.         -0.7673406  -0.03523895]\n",
      "  [ 0.         -1.          0.          0.12125099]\n",
      "  [ 0.          0.          0.          1.        ]]\n",
      "\n",
      " [[ 0.58984624  0.         -0.80751558 -0.09530027]\n",
      "  [ 0.80751558  0.          0.58984624  0.06961166]\n",
      "  [ 0.         -1.          0.          0.28055191]\n",
      "  [ 0.          0.          0.          1.        ]]\n",
      "\n",
      " [[ 0.94319544  0.         -0.33223842 -0.0487307 ]\n",
      "  [ 0.33223842  0.          0.94319544  0.13834213]\n",
      "  [ 0.         -1.          0.          0.22139212]\n",
      "  [ 0.          0.          0.          1.        ]]\n",
      "\n",
      " [[ 0.69296546  0.         -0.72097079 -0.09516332]\n",
      "  [ 0.72097079  0.          0.69296546  0.09146681]\n",
      "  [ 0.         -1.          0.          0.13357647]\n",
      "  [ 0.          0.          0.          1.        ]]\n",
      "\n",
      " [[ 0.99448985  0.         -0.10483292 -0.00835468]\n",
      "  [ 0.10483292  0.          0.99448985  0.07925603]\n",
      "  [ 0.         -1.          0.          0.18133839]\n",
      "  [ 0.          0.          0.          1.        ]]\n",
      "\n",
      " [[ 0.87603613  0.         -0.48224547 -0.01815716]\n",
      "  [ 0.48224547  0.          0.87603613  0.03298388]\n",
      "  [ 0.         -1.          0.          0.13133818]\n",
      "  [ 0.          0.          0.          1.        ]]]\n"
     ]
    },
    {
     "ename": "NameError",
     "evalue": "name 'Px' is not defined",
     "output_type": "error",
     "traceback": [
      "\u001b[0;31m---------------------------------------------------------------------------\u001b[0m",
      "\u001b[0;31mNameError\u001b[0m                                 Traceback (most recent call last)",
